128
(-4.000000, 0.000000, -1.150279) (1.000000, 1.000000, 0.000000) (-829450.750000, 0.000000) 
(-3.875000, 0.000000, -1.153516) (1.000000, 1.000000, 0.000000) (-846610.937500, 0.000000) 
(-3.875000, 0.000000, -1.153516) (1.000000, 1.000000, 0.000000) (-829450.750000, 0.000000) 
(-3.750000, 0.000000, -1.154478) (1.000000, 1.000000, 0.000000) (-846610.937500, 0.000000) 
(-3.750000, 0.000000, -1.154478) (1.000000, 1.000000, 0.000000) (-829450.750000, 0.000000) 
(-3.625000, 0.000000, -1.153164) (1.000000, 1.000000, 0.000000) (-846610.937500, 0.000000) 
(-3.625000, 0.000000, -1.153164) (1.000000, 1.000000, 0.000000) (-829450.750000, 0.000000) 
(-3.500000, 0.000000, -1.149575) (1.000000, 1.000000, 0.000000) (-846610.937500, 0.000000) 
(-3.500000, 0.000000, -1.149575) (1.000000, 1.000000, 0.000000) (-829450.750000, 0.000000) 
(-3.375000, 0.000000, -1.143710) (1.000000, 1.000000, 0.000000) (-846610.937500, 0.000000) 
(-3.375000, 0.000000, -1.143710) (1.000000, 1.000000, 0.000000) (-829450.750000, 0.000000) 
(-3.250000, 0.000000, -1.135570) (1.000000, 1.000000, 0.000000) (-846610.937500, 0.000000) 
(-3.250000, 0.000000, -1.135570) (1.000000, 1.000000, 0.000000) (-829450.750000, 0.000000) 
(-3.125000, 0.000000, -1.125154) (1.000000, 1.000000, 0.000000) (-846610.937500, 0.000000) 
(-3.125000, 0.000000, -1.125154) (1.000000, 1.000000, 0.000000) (-829450.750000, 0.000000) 
(-3.000000, 0.000000, -1.112463) (1.000000, 1.000000, 0.000000) (-846610.937500, 0.000000) 
(-3.000000, 0.000000, -1.112463) (1.000000, 1.000000, 0.000000) (-829450.750000, 0.000000) 
(-2.875000, 0.000000, -1.097496) (1.000000, 1.000000, 0.000000) (-846610.937500, 0.000000) 
(-2.875000, 0.000000, -1.097496) (1.000000, 1.000000, 0.000000) (-829450.750000, 0.000000) 
(-2.750000, 0.000000, -1.080253) (1.000000, 1.000000, 0.000000) (-846610.937500, 0.000000) 
(-2.750000, 0.000000, -1.080253) (1.000000, 1.000000, 0.000000) (-829450.750000, 0.000000) 
(-2.625000, 0.000000, -1.060736) (1.000000, 1.000000, 0.000000) (-846610.937500, 0.000000) 
(-2.625000, 0.000000, -1.060736) (1.000000, 1.000000, 0.000000) (-829450.750000, 0.000000) 
(-2.500000, 0.000000, -1.038942) (1.000000, 1.000000, 0.000000) (-846610.937500, 0.000000) 
(-2.500000, 0.000000, -1.038942) (1.000000, 1.000000, 0.000000) (-829450.750000, 0.000000) 
(-2.375000, 0.000000, -1.014874) (1.000000, 1.000000, 0.000000) (-846610.937500, 0.000000) 
(-2.375000, 0.000000, -1.014874) (1.000000, 1.000000, 0.000000) (-829450.750000, 0.000000) 
(-2.250000, 0.000000, -0.988529) (1.000000, 1.000000, 0.000000) (-846610.937500, 0.000000) 
(-2.250000, 0.000000, -0.988529) (1.000000, 1.000000, 0.000000) (-829450.750000, 0.000000) 
(-2.125000, 0.000000, -0.959909) (1.000000, 1.000000, 0.000000) (-846610.937500, 0.000000) 
(-2.125000, 0.000000, -0.959909) (1.000000, 1.000000, 0.000000) (-829450.750000, 0.000000) 
(-2.000000, 0.000000, -0.929014) (1.000000, 1.000000, 0.000000) (-846610.937500, 0.000000) 
(-2.000000, 0.000000, -0.929014) (1.000000, 1.000000, 0.000000) (-829450.750000, 0.000000) 
(-1.875000, 0.000000, -0.895843) (1.000000, 1.000000, 0.000000) (-846610.937500, 0.000000) 
(-1.875000, 0.000000, -0.895843) (1.000000, 1.000000, 0.000000) (-829450.750000, 0.000000) 
(-1.750000, 0.000000, -0.860397) (1.000000, 1.000000, 0.000000) (-846610.937500, 0.000000) 
(-1.750000, 0.000000, -0.860397) (1.000000, 1.000000, 0.000000) (-829450.750000, 0.000000) 
(-1.625000, 0.000000, -0.822675) (1.000000, 1.000000, 0.000000) (-846610.937500, 0.000000) 
(-1.625000, 0.000000, -0.822675) (1.000000, 1.000000, 0.000000) (-829450.750000, 0.000000) 
(-1.500000, 0.000000, -0.782677) (1.000000, 1.000000, 0.000000) (-846610.937500, 0.000000) 
(-1.500000, 0.000000, -0.782677) (1.000000, 1.000000, 0.000000) (-829450.750000, 0.000000) 
(-1.375000, 0.000000, -0.740404) (1.000000, 1.000000, 0.000000) (-846610.937500, 0.000000) 
(-1.375000, 0.000000, -0.740404) (1.000000, 1.000000, 0.000000) (-829450.750000, 0.000000) 
(-1.250000, 0.000000, -0.695856) (1.000000, 1.000000, 0.000000) (-846610.937500, 0.000000) 
(-1.250000, 0.000000, -0.695856) (1.000000, 1.000000, 0.000000) (-829450.750000, 0.000000) 
(-1.125000, 0.000000, -0.649032) (1.000000, 1.000000, 0.000000) (-846610.937500, 0.000000) 
(-1.125000, 0.000000, -0.649032) (1.000000, 1.000000, 0.000000) (-829450.750000, 0.000000) 
(-1.000000, 0.000000, -0.599932) (1.000000, 1.000000, 0.000000) (-846610.937500, 0.000000) 
(-1.000000, 0.000000, -0.599932) (1.000000, 1.000000, 0.000000) (-829450.750000, 0.000000) 
(-0.875000, 0.000000, -0.548557) (1.000000, 1.000000, 0.000000) (-846610.937500, 0.000000) 
(-0.875000, 0.000000, -0.548557) (1.000000, 1.000000, 0.000000) (-829450.750000, 0.000000) 
(-0.750000, 0.000000, -0.494907) (1.000000, 1.000000, 0.000000) (-846610.937500, 0.000000) 
(-0.750000, 0.000000, -0.494907) (1.000000, 1.000000, 0.000000) (-829450.750000, 0.000000) 
(-0.625000, 0.000000, -0.438981) (1.000000, 1.000000, 0.000000) (-846610.937500, 0.000000) 
(-0.625000, 0.000000, -0.438981) (1.000000, 1.000000, 0.000000) (-829450.750000, 0.000000) 
(-0.500000, 0.000000, -0.380779) (1.000000, 1.000000, 0.000000) (-846610.937500, 0.000000) 
(-0.500000, 0.000000, -0.380779) (1.000000, 1.000000, 0.000000) (-829450.750000, 0.000000) 
(-0.375000, 0.000000, -0.320302) (1.000000, 1.000000, 0.000000) (-846610.937500, 0.000000) 
(-0.375000, 0.000000, -0.320302) (1.000000, 1.000000, 0.000000) (-829450.750000, 0.000000) 
(-0.250000, 0.000000, -0.257550) (1.000000, 1.000000, 0.000000) (-846610.937500, 0.000000) 
(-0.250000, 0.000000, -0.257550) (1.000000, 1.000000, 0.000000) (-829450.750000, 0.000000) 
(-0.125000, 0.000000, -0.192522) (1.000000, 1.000000, 0.000000) (-846610.937500, 0.000000) 
(-0.125000, 0.000000, -0.192522) (1.000000, 1.000000, 0.000000) (-829450.750000, 0.000000) 
(0.000000, 0.000000, -0.125218) (1.000000, 1.000000, 0.000000) (-846610.937500, 0.000000) 
(0.000000, 0.000000, -0.125218) (1.000000, 1.000000, 0.000000) (-829450.750000, 0.000000) 
(0.125000, 0.000000, -0.055639) (1.000000, 1.000000, 0.000000) (-846610.937500, 0.000000) 
(0.125000, 0.000000, -0.055639) (1.000000, 1.000000, 0.000000) (-829450.750000, 0.000000) 
(0.250000, 0.000000, 0.016215) (1.000000, 1.000000, 0.000000) (-846610.937500, 0.000000) 
(0.250000, 0.000000, 0.016215) (1.000000, 1.000000, 0.000000) (-829450.750000, 0.000000) 
(0.375000, 0.000000, 0.090346) (1.000000, 1.000000, 0.000000) (-846610.937500, 0.000000) 
(0.375000, 0.000000, 0.090346) (1.000000, 1.000000, 0.000000) (-829450.750000, 0.000000) 
(0.500000, 0.000000, 0.166751) (1.000000, 1.000000, 0.000000) (-846610.937500, 0.000000) 
(0.500000, 0.000000, 0.166751) (1.000000, 1.000000, 0.000000) (-829450.750000, 0.000000) 
(0.625000, 0.000000, 0.245432) (1.000000, 1.000000, 0.000000) (-846610.937500, 0.000000) 
(0.625000, 0.000000, 0.245432) (1.000000, 1.000000, 0.000000) (-829450.750000, 0.000000) 
(0.750000, 0.000000, 0.326389) (1.000000, 1.000000, 0.000000) (-846610.937500, 0.000000) 
(0.750000, 0.000000, 0.326389) (1.000000, 1.000000, 0.000000) (-829450.750000, 0.000000) 
(0.875000, 0.000000, 0.409621) (1.000000, 1.000000, 0.000000) (-846610.937500, 0.000000) 
(0.875000, 0.000000, 0.409621) (1.000000, 1.000000, 0.000000) (-829450.750000, 0.000000) 
(1.000000, 0.000000, 0.495129) (1.000000, 1.000000, 0.000000) (-846610.937500, 0.000000) 
(1.000000, 0.000000, 0.495129) (1.000000, 1.000000, 0.000000) (-829450.750000, 0.000000) 
(1.125000, 0.000000, 0.582912) (1.000000, 1.000000, 0.000000) (-846610.937500, 0.000000) 
(1.125000, 0.000000, 0.582912) (1.000000, 1.000000, 0.000000) (-829450.750000, 0.000000) 
(1.250000, 0.000000, 0.672971) (1.000000, 1.000000, 0.000000) (-846610.937500, 0.000000) 
(1.250000, 0.000000, 0.672971) (1.000000, 1.000000, 0.000000) (-829450.750000, 0.000000) 
(1.375000, 0.000000, 0.765305) (1.000000, 1.000000, 0.000000) (-846610.937500, 0.000000) 
(1.375000, 0.000000, 0.765305) (1.000000, 1.000000, 0.000000) (-829450.750000, 0.000000) 
(1.500000, 0.000000, 0.859914) (1.000000, 1.000000, 0.000000) (-846610.937500, 0.000000) 
(1.500000, 0.000000, 0.859914) (1.000000, 1.000000, 0.000000) (-829450.750000, 0.000000) 
(1.625000, 0.000000, 0.956800) (1.000000, 1.000000, 0.000000) (-846610.937500, 0.000000) 
(1.625000, 0.000000, 0.956800) (1.000000, 1.000000, 0.000000) (-829450.750000, 0.000000) 
(1.750000, 0.000000, 1.055960) (1.000000, 1.000000, 0.000000) (-846610.937500, 0.000000) 
(1.750000, 0.000000, 1.055960) (1.000000, 1.000000, 0.000000) (-829450.750000, 0.000000) 
(1.875000, 0.000000, 1.157397) (1.000000, 1.000000, 0.000000) (-846610.937500, 0.000000) 
(1.875000, 0.000000, 1.157397) (1.000000, 1.000000, 0.000000) (-829450.750000, 0.000000) 
(2.000000, 0.000000, 1.261108) (1.000000, 1.000000, 0.000000) (-846610.937500, 0.000000) 
(2.000000, 0.000000, 1.261108) (1.000000, 1.000000, 0.000000) (-829450.750000, 0.000000) 
(2.125000, 0.000000, 1.367095) (1.000000, 1.000000, 0.000000) (-846610.937500, 0.000000) 
(2.125000, 0.000000, 1.367095) (1.000000, 1.000000, 0.000000) (-829450.750000, 0.000000) 
(2.250000, 0.000000, 1.475358) (1.000000, 1.000000, 0.000000) (-846610.937500, 0.000000) 
(2.250000, 0.000000, 1.475358) (1.000000, 1.000000, 0.000000) (-829450.750000, 0.000000) 
(2.375000, 0.000000, 1.585896) (1.000000, 1.000000, 0.000000) (-846610.937500, 0.000000) 
(2.375000, 0.000000, 1.585896) (1.000000, 1.000000, 0.000000) (-829450.750000, 0.000000) 
(2.500000, 0.000000, 1.698710) (1.000000, 1.000000, 0.000000) (-846610.937500, 0.000000) 
(2.500000, 0.000000, 1.698710) (1.000000, 1.000000, 0.000000) (-829450.750000, 0.000000) 
(2.625000, 0.000000, 1.813800) (1.000000, 1.000000, 0.000000) (-846610.937500, 0.000000) 
(2.625000, 0.000000, 1.813800) (1.000000, 1.000000, 0.000000) (-829450.750000, 0.000000) 
(2.750000, 0.000000, 1.931164) (1.000000, 1.000000, 0.000000) (-846610.937500, 0.000000) 
(2.750000, 0.000000, 1.931164) (1.000000, 1.000000, 0.000000) (-829450.750000, 0.000000) 
(2.875000, 0.000000, 2.050805) (1.000000, 1.000000, 0.000000) (-846610.937500, 0.000000) 
(2.875000, 0.000000, 2.050805) (1.000000, 1.000000, 0.000000) (-829450.750000, 0.000000) 
(3.000000, 0.000000, 2.172721) (1.000000, 1.000000, 0.000000) (-846610.937500, 0.000000) 
(3.000000, 0.000000, 2.172721) (1.000000, 1.000000, 0.000000) (-829450.750000, 0.000000) 
(3.125000, 0.000000, 2.296912) (1.000000, 1.000000, 0.000000) (-846610.937500, 0.000000) 
(3.125000, 0.000000, 2.296912) (1.000000, 1.000000, 0.000000) (-829450.750000, 0.000000) 
(3.250000, 0.000000, 2.423379) (1.000000, 1.000000, 0.000000) (-846610.937500, 0.000000) 
(3.250000, 0.000000, 2.423379) (1.000000, 1.000000, 0.000000) (-829450.750000, 0.000000) 
(3.375000, 0.000000, 2.552121) (1.000000, 1.000000, 0.000000) (-846610.937500, 0.000000) 
(3.375000, 0.000000, 2.552121) (1.000000, 1.000000, 0.000000) (-829450.750000, 0.000000) 
(3.500000, 0.000000, 2.683139) (1.000000, 1.000000, 0.000000) (-846610.937500, 0.000000) 
(3.500000, 0.000000, 2.683139) (1.000000, 1.000000, 0.000000) (-829450.750000, 0.000000) 
(3.625000, 0.000000, 2.816432) (1.000000, 1.000000, 0.000000) (-846610.937500, 0.000000) 
(3.625000, 0.000000, 2.816432) (1.000000, 1.000000, 0.000000) (-829450.750000, 0.000000) 
(3.750000, 0.000000, 2.952001) (1.000000, 1.000000, 0.000000) (-846610.937500, 0.000000) 
(3.750000, 0.000000, 2.952001) (1.000000, 1.000000, 0.000000) (-829450.750000, 0.000000) 
(3.875000, 0.000000, 3.089846) (1.000000, 1.000000, 0.000000) (-846610.937500, 0.000000) 
(3.875000, 0.000000, 3.089846) (1.000000, 1.000000, 0.000000) (-829450.750000, 0.000000) 
(4.000000, 0.000000, 3.229966) (1.000000, 1.000000, 0.000000) (-846610.937500, 0.000000) 
