96
(-3.000000, 0.000000, -3.000000) (1.000000, 1.000000, 0.000000) (-0.000000, 0.000000) 
(-2.875000, 0.000000, -2.030469) (1.000000, 1.000000, 0.000000) (0.000000, 0.000000) 
(-2.875000, 0.000000, -2.030469) (1.000000, 1.000000, 0.000000) (-0.000000, 0.000000) 
(-2.750000, 0.000000, -1.168751) (1.000000, 1.000000, 0.000000) (0.000000, 0.000000) 
(-2.750000, 0.000000, -1.168751) (1.000000, 1.000000, 0.000000) (-0.000000, 0.000000) 
(-2.625000, 0.000000, -0.410157) (1.000000, 1.000000, 0.000000) (0.000000, 0.000000) 
(-2.625000, 0.000000, -0.410157) (1.000000, 1.000000, 0.000000) (-0.000000, 0.000000) 
(-2.500000, 0.000000, 0.250000) (1.000000, 1.000000, 0.000000) (0.000000, 0.000000) 
(-2.500000, 0.000000, 0.250000) (1.000000, 1.000000, 0.000000) (-0.000000, 0.000000) 
(-2.375000, 0.000000, 0.816406) (1.000000, 1.000000, 0.000000) (0.000000, 0.000000) 
(-2.375000, 0.000000, 0.816406) (1.000000, 1.000000, 0.000000) (-0.000000, 0.000000) 
(-2.250000, 0.000000, 1.293750) (1.000000, 1.000000, 0.000000) (0.000000, 0.000000) 
(-2.250000, 0.000000, 1.293750) (1.000000, 1.000000, 0.000000) (-0.000000, 0.000000) 
(-2.125000, 0.000000, 1.686718) (1.000000, 1.000000, 0.000000) (0.000000, 0.000000) 
(-2.125000, 0.000000, 1.686718) (1.000000, 1.000000, 0.000000) (-0.000000, 0.000000) 
(-2.000000, 0.000000, 2.000000) (1.000000, 1.000000, 0.000000) (0.000000, 0.000000) 
(-2.000000, 0.000000, 2.000000) (1.000000, 1.000000, 0.000000) (-0.000000, 0.000000) 
(-1.875000, 0.000000, 2.238281) (1.000000, 1.000000, 0.000000) (0.000000, 0.000000) 
(-1.875000, 0.000000, 2.238281) (1.000000, 1.000000, 0.000000) (-0.000000, 0.000000) 
(-1.750000, 0.000000, 2.406250) (1.000000, 1.000000, 0.000000) (0.000000, 0.000000) 
(-1.750000, 0.000000, 2.406250) (1.000000, 1.000000, 0.000000) (-0.000000, 0.000000) 
(-1.625000, 0.000000, 2.508594) (1.000000, 1.000000, 0.000000) (0.000000, 0.000000) 
(-1.625000, 0.000000, 2.508594) (1.000000, 1.000000, 0.000000) (-0.000000, 0.000000) 
(-1.500000, 0.000000, 2.550000) (1.000000, 1.000000, 0.000000) (0.000000, 0.000000) 
(-1.500000, 0.000000, 2.550000) (1.000000, 1.000000, 0.000000) (-0.000000, 0.000000) 
(-1.375000, 0.000000, 2.535156) (1.000000, 1.000000, 0.000000) (0.000000, 0.000000) 
(-1.375000, 0.000000, 2.535156) (1.000000, 1.000000, 0.000000) (-0.000000, 0.000000) 
(-1.250000, 0.000000, 2.468750) (1.000000, 1.000000, 0.000000) (0.000000, 0.000000) 
(-1.250000, 0.000000, 2.468750) (1.000000, 1.000000, 0.000000) (-0.000000, 0.000000) 
(-1.125000, 0.000000, 2.355469) (1.000000, 1.000000, 0.000000) (0.000000, 0.000000) 
(-1.125000, 0.000000, 2.355469) (1.000000, 1.000000, 0.000000) (-0.000000, 0.000000) 
(-1.000000, 0.000000, 2.200000) (1.000000, 1.000000, 0.000000) (0.000000, 0.000000) 
(-1.000000, 0.000000, 2.200000) (1.000000, 1.000000, 0.000000) (-0.000000, 0.000000) 
(-0.875000, 0.000000, 2.007031) (1.000000, 1.000000, 0.000000) (0.000000, 0.000000) 
(-0.875000, 0.000000, 2.007031) (1.000000, 1.000000, 0.000000) (-0.000000, 0.000000) 
(-0.750000, 0.000000, 1.781250) (1.000000, 1.000000, 0.000000) (0.000000, 0.000000) 
(-0.750000, 0.000000, 1.781250) (1.000000, 1.000000, 0.000000) (-0.000000, 0.000000) 
(-0.625000, 0.000000, 1.527344) (1.000000, 1.000000, 0.000000) (0.000000, 0.000000) 
(-0.625000, 0.000000, 1.527344) (1.000000, 1.000000, 0.000000) (-0.000000, 0.000000) 
(-0.500000, 0.000000, 1.250000) (1.000000, 1.000000, 0.000000) (0.000000, 0.000000) 
(-0.500000, 0.000000, 1.250000) (1.000000, 1.000000, 0.000000) (-0.000000, 0.000000) 
(-0.375000, 0.000000, 0.953906) (1.000000, 1.000000, 0.000000) (0.000000, 0.000000) 
(-0.375000, 0.000000, 0.953906) (1.000000, 1.000000, 0.000000) (-0.000000, 0.000000) 
(-0.250000, 0.000000, 0.643750) (1.000000, 1.000000, 0.000000) (0.000000, 0.000000) 
(-0.250000, 0.000000, 0.643750) (1.000000, 1.000000, 0.000000) (-0.000000, 0.000000) 
(-0.125000, 0.000000, 0.324219) (1.000000, 1.000000, 0.000000) (0.000000, 0.000000) 
(-0.125000, 0.000000, 0.324219) (1.000000, 1.000000, 0.000000) (-0.000000, 0.000000) 
(0.000000, 0.000000, 0.000000) (1.000000, 1.000000, 0.000000) (0.000000, 0.000000) 
(0.000000, 0.000000, 0.000000) (1.000000, 1.000000, 0.000000) (-0.000000, 0.000000) 
(0.125000, 0.000000, -0.324219) (1.000000, 1.000000, 0.000000) (0.000000, 0.000000) 
(0.125000, 0.000000, -0.324219) (1.000000, 1.000000, 0.000000) (-0.000000, 0.000000) 
(0.250000, 0.000000, -0.643750) (1.000000, 1.000000, 0.000000) (0.000000, 0.000000) 
(0.250000, 0.000000, -0.643750) (1.000000, 1.000000, 0.000000) (-0.000000, 0.000000) 
(0.375000, 0.000000, -0.953906) (1.000000, 1.000000, 0.000000) (0.000000, 0.000000) 
(0.375000, 0.000000, -0.953906) (1.000000, 1.000000, 0.000000) (-0.000000, 0.000000) 
(0.500000, 0.000000, -1.250000) (1.000000, 1.000000, 0.000000) (0.000000, 0.000000) 
(0.500000, 0.000000, -1.250000) (1.000000, 1.000000, 0.000000) (-0.000000, 0.000000) 
(0.625000, 0.000000, -1.527344) (1.000000, 1.000000, 0.000000) (0.000000, 0.000000) 
(0.625000, 0.000000, -1.527344) (1.000000, 1.000000, 0.000000) (-0.000000, 0.000000) 
(0.750000, 0.000000, -1.781250) (1.000000, 1.000000, 0.000000) (0.000000, 0.000000) 
(0.750000, 0.000000, -1.781250) (1.000000, 1.000000, 0.000000) (-0.000000, 0.000000) 
(0.875000, 0.000000, -2.007031) (1.000000, 1.000000, 0.000000) (0.000000, 0.000000) 
(0.875000, 0.000000, -2.007031) (1.000000, 1.000000, 0.000000) (-0.000000, 0.000000) 
(1.000000, 0.000000, -2.200000) (1.000000, 1.000000, 0.000000) (0.000000, 0.000000) 
(1.000000, 0.000000, -2.200000) (1.000000, 1.000000, 0.000000) (-0.000000, 0.000000) 
(1.125000, 0.000000, -2.355469) (1.000000, 1.000000, 0.000000) (0.000000, 0.000000) 
(1.125000, 0.000000, -2.355469) (1.000000, 1.000000, 0.000000) (-0.000000, 0.000000) 
(1.250000, 0.000000, -2.468750) (1.000000, 1.000000, 0.000000) (0.000000, 0.000000) 
(1.250000, 0.000000, -2.468750) (1.000000, 1.000000, 0.000000) (-0.000000, 0.000000) 
(1.375000, 0.000000, -2.535156) (1.000000, 1.000000, 0.000000) (0.000000, 0.000000) 
(1.375000, 0.000000, -2.535156) (1.000000, 1.000000, 0.000000) (-0.000000, 0.000000) 
(1.500000, 0.000000, -2.550000) (1.000000, 1.000000, 0.000000) (0.000000, 0.000000) 
(1.500000, 0.000000, -2.550000) (1.000000, 1.000000, 0.000000) (-0.000000, 0.000000) 
(1.625000, 0.000000, -2.508594) (1.000000, 1.000000, 0.000000) (0.000000, 0.000000) 
(1.625000, 0.000000, -2.508594) (1.000000, 1.000000, 0.000000) (-0.000000, 0.000000) 
(1.750000, 0.000000, -2.406250) (1.000000, 1.000000, 0.000000) (0.000000, 0.000000) 
(1.750000, 0.000000, -2.406250) (1.000000, 1.000000, 0.000000) (-0.000000, 0.000000) 
(1.875000, 0.000000, -2.238281) (1.000000, 1.000000, 0.000000) (0.000000, 0.000000) 
(1.875000, 0.000000, -2.238281) (1.000000, 1.000000, 0.000000) (-0.000000, 0.000000) 
(2.000000, 0.000000, -2.000000) (1.000000, 1.000000, 0.000000) (0.000000, 0.000000) 
(2.000000, 0.000000, -2.000000) (1.000000, 1.000000, 0.000000) (-0.000000, 0.000000) 
(2.125000, 0.000000, -1.686718) (1.000000, 1.000000, 0.000000) (0.000000, 0.000000) 
(2.125000, 0.000000, -1.686718) (1.000000, 1.000000, 0.000000) (-0.000000, 0.000000) 
(2.250000, 0.000000, -1.293750) (1.000000, 1.000000, 0.000000) (0.000000, 0.000000) 
(2.250000, 0.000000, -1.293750) (1.000000, 1.000000, 0.000000) (-0.000000, 0.000000) 
(2.375000, 0.000000, -0.816406) (1.000000, 1.000000, 0.000000) (0.000000, 0.000000) 
(2.375000, 0.000000, -0.816406) (1.000000, 1.000000, 0.000000) (-0.000000, 0.000000) 
(2.500000, 0.000000, -0.250000) (1.000000, 1.000000, 0.000000) (0.000000, 0.000000) 
(2.500000, 0.000000, -0.250000) (1.000000, 1.000000, 0.000000) (-0.000000, 0.000000) 
(2.625000, 0.000000, 0.410157) (1.000000, 1.000000, 0.000000) (0.000000, 0.000000) 
(2.625000, 0.000000, 0.410157) (1.000000, 1.000000, 0.000000) (-0.000000, 0.000000) 
(2.750000, 0.000000, 1.168751) (1.000000, 1.000000, 0.000000) (0.000000, 0.000000) 
(2.750000, 0.000000, 1.168751) (1.000000, 1.000000, 0.000000) (-0.000000, 0.000000) 
(2.875000, 0.000000, 2.030469) (1.000000, 1.000000, 0.000000) (0.000000, 0.000000) 
(2.875000, 0.000000, 2.030469) (1.000000, 1.000000, 0.000000) (-0.000000, 0.000000) 
(3.000000, 0.000000, 3.000000) (1.000000, 1.000000, 0.000000) (0.000000, 0.000000) 
