12
(0.0, 0.0, 2.0)(0.0, 0.0, 0.0)(0.0, 0.0)
(0.0, 1.0, 2.0)(0.0, 0.0, 0.0)(0.0, 0.25)
(0.0, 4.0, 2.0)(0.0, 0.0, 0.0)(1.0, 0.0)
(1.0, 3.0, 1.0)(0.0, 0.0, 0.0)(0.25, 0.75)
(1.5, 0.0, 2.0)(0.0, 0.0, 0.0)(0.375, 0.0)
(2.0, 2.0, 2.0)(0.0, 0.0, 0.0)(0.5, 0.5)
(2.5, 1.0, 1.0)(0.0, 0.0, 0.0)(0.625, 0.25)
(2.5, 4.0, 2.0)(0.0, 0.0, 0.0)(0.625, 1.0)
(3.5, 2.5, 1.0)(0.0, 0.0, 0.0)(0.875, 0.625)
(4.0, 0.0, 2.0)(0.0, 0.0, 0.0)(1.0, 0.0)
(4.0, 0.5, 2.0)(0.0, 0.0, 0.0)(1.0, 0.125)
(4.0, 4.0, 2.0)(0.0, 0.0, 0.0)(1.0, 1.0)